510,950,512,945,512,944,515,942,518,941,528,941,530,942,536,942,538,943,546,943,548,944,550,944,552,945,557,946,559,949,560,953,559,955,559,958,557,964,555,966,549,968,536,968,533,967,528,967,525,966,522,966,518,965,514,964,512,960,510,954,0.8482532285276007
604,947,606,953,606,956,605,960,602,962,596,965,593,966,584,966,581,967,571,967,565,965,562,961,561,958,561,950,563,945,565,944,567,943,572,941,578,941,580,940,594,940,596,941,601,942,603,946,0.8292677543665233
507,942,510,947,510,952,507,957,506,958,501,960,495,960,466,950,460,948,456,946,455,945,452,940,452,936,455,931,456,930,456,929,457,928,462,925,464,925,467,924,468,924,470,925,471,925,477,928,478,929,481,930,483,931,484,931,490,933,492,934,493,934,499,936,505,940,0.8346113159805942
757,901,757,910,756,915,755,917,754,918,749,920,748,920,746,921,745,921,743,922,737,922,735,923,733,923,731,924,729,924,726,925,723,925,721,926,718,926,715,928,713,928,711,929,708,929,705,930,703,930,701,931,694,931,690,930,688,929,687,928,682,919,682,915,685,910,685,909,686,907,688,905,694,901,700,901,702,900,704,900,707,899,710,899,712,898,715,898,718,897,722,897,724,896,726,896,729,895,732,895,734,894,737,894,740,893,747,893,752,894,755,897,0.8629586680097528
683,907,681,908,678,908,674,910,665,910,660,909,658,908,657,907,655,903,655,892,656,887,657,885,658,884,658,883,660,881,667,878,668,878,670,876,671,876,676,874,685,874,689,875,693,878,694,879,697,883,697,886,698,888,698,892,697,895,696,899,694,901,692,904,686,907,0.7884998727589846
737,896,733,896,731,897,727,897,725,898,721,898,719,899,712,899,710,900,701,900,697,899,696,897,694,896,692,893,691,891,691,889,692,885,694,882,697,880,700,878,713,871,715,871,718,870,720,870,722,869,723,869,725,868,729,868,731,867,741,867,745,868,746,870,747,871,749,874,751,876,751,880,752,881,752,886,751,891,747,894,743,895,740,895,0.8062233657427221
494,855,505,856,513,857,519,858,521,858,534,859,541,860,543,860,549,861,554,861,560,862,571,862,584,864,591,868,596,872,599,878,600,879,602,885,602,891,604,897,604,907,605,910,605,918,603,924,602,926,598,933,592,937,585,940,571,940,565,938,555,938,548,937,547,937,536,936,528,935,514,934,507,933,506,933,503,932,502,932,490,931,482,930,481,929,477,929,473,928,470,928,463,926,457,923,450,918,448,915,446,908,445,901,445,896,446,889,446,876,447,870,450,863,452,860,453,859,459,855,466,852,480,852,493,855,0.956149143171603
387,872,391,872,394,873,395,874,396,873,397,873,404,876,405,878,407,882,407,887,406,889,406,893,404,897,402,899,397,901,396,901,392,899,391,898,384,895,383,894,376,891,372,886,369,886,355,880,352,876,349,870,349,864,350,861,351,860,354,858,357,859,358,858,360,858,364,860,365,861,370,863,371,864,373,866,376,869,380,871,385,871,0.7429398605138948
357,825,359,827,359,829,360,830,360,831,361,831,362,833,364,835,364,836,368,837,369,838,370,838,374,839,375,840,376,840,381,842,383,843,384,844,385,844,390,845,391,846,396,848,398,850,402,851,411,856,412,857,413,857,414,859,415,860,417,866,417,872,416,876,413,879,409,880,406,880,401,878,399,876,395,875,392,873,390,872,385,871,379,868,374,867,371,864,368,863,366,863,362,862,355,859,351,855,350,851,347,848,343,847,342,846,340,845,338,846,333,845,331,842,330,840,328,835,328,834,329,831,329,829,331,823,333,821,339,819,340,819,341,818,346,818,347,819,348,819,352,820,357,824,0.7809664154509929
180,404,180,415,179,419,178,422,177,424,173,426,152,426,150,427,130,427,125,426,122,424,121,422,119,418,119,408,120,404,121,401,121,400,123,396,124,395,129,393,155,393,157,392,166,392,171,393,174,394,175,395,176,395,178,397,0.8384664696316386
372,388,375,393,375,394,376,396,377,400,380,405,381,409,381,412,380,418,377,424,375,427,374,428,372,429,363,438,361,439,359,441,357,444,353,446,352,449,349,453,348,454,343,461,342,462,337,465,329,467,327,467,320,466,315,463,311,458,309,455,307,450,306,445,306,444,305,442,305,440,304,438,302,430,302,428,300,426,300,424,299,421,299,414,300,407,302,405,302,404,303,403,303,401,307,394,308,393,309,391,319,381,322,379,327,376,331,375,332,373,333,373,336,371,346,368,349,368,355,369,362,373,368,379,0.9070713840149067
609,319,617,323,628,331,661,347,670,353,686,359,690,363,713,378,748,410,753,417,756,424,757,430,757,438,756,445,753,452,749,457,746,461,736,471,731,477,725,479,722,480,714,482,707,481,698,477,687,469,685,467,671,455,665,452,660,449,648,439,645,438,637,432,631,427,628,426,624,422,622,422,615,419,613,417,610,416,609,415,605,415,600,412,577,398,571,394,562,385,560,378,559,372,559,369,561,359,563,354,567,348,568,347,568,345,572,338,577,331,581,326,590,321,593,320,601,318,0.9445660261582427
510,402,505,403,500,404,486,404,479,403,470,403,462,402,459,402,452,403,447,403,446,404,444,404,438,406,435,407,433,407,424,410,416,412,415,412,407,413,399,412,392,407,388,405,383,400,379,393,375,385,374,380,369,369,368,360,368,355,366,351,368,343,372,335,376,330,381,327,386,323,394,320,398,319,399,319,411,314,416,311,423,310,426,308,434,306,435,306,437,305,450,303,494,303,502,304,524,304,532,305,534,306,535,306,543,309,549,315,554,321,556,329,557,336,557,338,556,345,555,348,554,355,551,359,551,361,549,366,549,368,547,372,547,373,541,384,537,390,532,395,524,398,517,401,0.9470373068010223
169,267,172,267,173,268,175,268,176,269,177,269,182,272,184,277,185,281,185,290,184,293,184,295,183,300,179,305,175,307,174,307,173,308,168,309,166,309,161,308,157,307,152,306,147,305,146,305,141,304,128,304,114,307,112,308,111,308,107,309,100,309,95,308,90,304,87,299,86,295,86,294,85,291,85,289,84,284,84,282,85,277,90,271,95,268,98,267,102,266,103,266,108,265,109,265,113,263,117,263,121,262,123,262,128,261,145,261,151,262,152,262,168,266,0.9083714543890887
