440,620,437,621,436,621,431,622,387,622,383,621,382,621,380,620,376,617,374,613,374,610,373,609,372,606,372,599,373,595,375,591,377,589,383,585,387,584,437,584,441,585,443,587,444,587,448,590,449,591,451,595,452,599,452,600,451,603,452,606,450,610,449,614,448,615,446,616,444,618,0.8728895926683362
314,589,315,587,344,587,345,586,354,586,360,587,363,590,366,594,367,599,367,607,366,611,364,615,363,616,359,619,355,619,354,620,258,620,257,621,247,621,246,622,242,622,237,621,233,617,232,615,231,609,231,605,230,604,230,596,231,592,233,589,234,587,238,584,253,584,257,585,260,585,264,586,274,586,278,587,311,587,0.9086482682968238
831,574,830,575,826,576,821,577,812,577,807,576,803,572,802,568,802,565,804,561,805,560,805,559,806,558,809,558,809,557,812,557,812,556,818,555,822,554,825,554,825,553,833,551,843,549,846,549,852,550,853,551,855,552,856,553,857,557,857,560,856,563,855,565,854,567,852,569,851,569,850,570,845,571,840,572,832,574,0.7945103261075662
866,549,873,549,875,550,879,550,882,551,884,551,886,552,889,552,891,553,893,553,895,554,898,554,900,555,904,555,906,556,909,556,911,557,914,557,916,558,919,559,922,561,922,563,923,566,923,569,922,570,922,571,920,575,919,576,915,578,909,578,907,577,905,577,903,576,902,576,900,575,897,575,895,574,894,574,892,573,890,573,888,572,884,572,882,571,877,571,875,570,869,570,867,569,862,569,860,568,859,568,856,567,853,565,853,563,850,561,850,557,852,554,852,553,854,550,858,550,860,549,861,549,862,548,865,548,0.8371488988024635
773,580,772,581,772,582,769,586,765,591,757,593,712,593,706,594,691,594,689,592,686,592,682,589,678,584,677,582,676,581,675,574,675,566,673,562,673,551,674,545,677,541,681,536,690,534,704,534,710,535,733,535,739,536,755,536,761,537,762,538,764,538,768,542,772,546,774,551,774,574,0.9302982236336196
612,572,610,580,608,584,605,589,600,592,593,594,579,594,573,593,541,593,535,592,477,592,471,591,451,591,446,590,443,589,438,585,433,580,431,578,429,572,430,566,430,561,431,555,433,552,434,546,437,541,442,536,444,535,452,533,461,533,468,534,472,534,478,535,512,536,518,537,576,536,581,537,589,537,598,539,602,542,606,545,609,550,611,556,610,559,611,562,611,567,0.9394140853315747
222,569,219,573,213,577,209,578,199,578,194,577,189,577,184,578,157,578,152,579,128,579,123,580,117,580,111,581,88,581,83,582,54,582,49,583,44,583,39,582,35,579,33,577,30,573,29,568,29,561,28,557,29,554,28,551,29,546,32,542,35,539,37,538,43,537,49,537,52,538,54,537,59,538,110,538,116,537,120,537,146,536,151,535,160,535,163,536,165,535,170,536,188,536,193,535,198,536,204,536,213,538,218,541,221,545,223,552,223,563,0.9048401273989957
916,527,917,527,920,530,920,531,923,534,923,538,922,539,922,544,921,548,915,554,906,554,902,553,899,553,895,552,894,552,890,551,886,551,882,550,878,550,874,549,871,549,867,548,847,548,846,549,831,549,830,550,822,550,818,549,809,541,809,537,808,536,808,530,809,526,815,520,842,520,843,519,852,519,853,518,874,518,878,519,882,519,886,520,887,520,891,521,894,522,895,522,899,523,900,523,904,524,906,524,915,526,0.8833993496197574
863,491,895,491,899,493,922,493,926,494,929,496,932,499,933,504,933,512,932,517,928,521,926,522,922,523,898,523,895,522,883,522,878,521,873,521,869,520,804,520,800,519,798,518,795,515,792,509,792,499,793,495,794,491,795,490,799,488,808,488,812,489,830,489,834,490,860,490,0.8836246951593361
639,488,639,496,638,500,637,502,636,503,630,506,629,506,627,507,619,507,617,508,600,508,587,505,585,504,580,499,578,495,578,488,579,484,582,481,584,481,587,479,594,479,598,480,599,481,603,481,605,480,612,480,614,479,615,479,617,478,618,478,620,477,626,477,630,478,632,479,633,480,633,481,634,481,637,484,0.7635223017384608
506,460,509,461,511,463,513,464,514,465,515,465,517,469,518,471,518,472,517,474,517,475,515,479,512,482,508,484,506,484,502,482,495,476,493,475,492,474,490,473,489,472,486,471,484,471,483,470,481,469,477,469,475,470,474,470,472,471,471,471,465,474,463,474,460,477,457,478,456,478,455,479,451,481,447,481,443,479,442,478,440,474,440,473,439,471,439,469,440,465,442,463,448,459,450,458,451,458,452,457,455,456,461,453,463,453,465,452,468,451,471,451,473,450,477,450,478,451,479,450,480,450,482,451,488,451,491,452,492,453,505,459,0.8009072809012788
812,457,806,463,804,463,803,464,800,464,799,465,791,465,790,466,781,466,780,467,771,467,770,469,751,469,747,467,744,464,742,460,740,458,740,450,741,446,742,445,742,443,745,440,750,438,754,438,755,437,768,437,769,436,782,436,783,435,801,435,805,436,813,445,813,453,0.8687836533456337
383,428,376,428,374,429,369,429,366,430,357,430,354,429,351,426,351,423,350,422,351,417,353,414,356,411,360,411,362,410,369,410,371,409,376,409,378,408,384,408,386,407,412,407,414,408,425,408,427,409,436,409,438,410,446,410,448,411,450,411,452,412,453,412,456,413,459,416,459,419,458,425,458,428,456,431,452,432,447,432,445,431,444,431,442,430,435,430,433,429,428,429,426,428,420,428,418,427,407,427,406,426,405,427,385,427,0.8415052016739655
652,429,653,430,652,430,654,433,655,436,655,440,654,445,649,450,646,452,641,452,637,451,635,449,634,449,628,442,627,442,625,440,620,438,618,436,617,436,614,435,607,435,602,437,599,438,596,440,595,441,591,443,585,447,582,448,577,448,573,447,572,446,571,446,566,440,564,435,564,433,565,429,570,424,573,422,576,421,579,417,585,413,586,413,587,412,590,410,597,408,600,406,605,404,606,404,609,403,614,403,618,404,619,404,623,405,627,406,630,409,631,409,633,411,634,411,638,415,639,415,645,422,646,422,651,427,0.83294644332771
313,435,300,435,298,436,292,436,291,435,281,435,279,434,277,434,275,433,274,433,271,432,269,432,267,431,265,431,263,430,262,430,260,429,258,429,256,428,254,428,252,427,250,427,248,426,247,426,243,425,238,422,236,418,236,415,237,414,237,412,238,409,241,406,245,406,247,407,251,407,253,408,254,408,256,409,259,409,261,410,263,410,265,411,267,411,269,412,270,412,273,413,277,413,279,414,282,414,284,415,306,415,308,414,316,414,318,413,326,413,328,412,330,412,332,413,334,413,338,414,341,416,341,421,340,422,342,425,342,428,340,431,335,432,334,432,332,433,330,433,328,434,315,434,0.8375251347557083
780,433,774,435,773,435,770,436,769,436,766,437,765,437,760,438,757,438,754,440,748,441,747,441,743,443,738,446,737,446,734,448,729,449,715,449,710,448,705,445,703,439,701,438,698,434,697,431,696,424,695,421,695,419,694,416,694,414,695,409,698,404,699,403,703,400,709,398,726,398,731,397,735,397,740,395,741,395,746,394,748,394,753,393,758,392,762,391,767,390,768,390,773,389,774,389,780,387,781,387,790,385,795,384,808,384,814,386,817,387,821,390,823,393,825,398,826,401,827,403,828,408,827,411,826,416,823,422,814,426,813,426,810,428,805,429,804,429,801,430,800,430,795,431,792,431,781,433,0.9006655327325869
378,358,382,357,404,357,409,358,412,361,415,365,415,367,416,373,416,378,414,384,413,389,410,392,406,395,403,395,398,397,379,397,374,395,366,395,361,394,329,394,324,395,320,394,311,394,306,393,302,390,299,386,299,368,300,363,303,360,306,359,307,357,311,355,320,355,325,356,326,357,331,357,337,358,340,358,345,359,359,359,364,360,367,360,376,358,0.8594608681860255
835,331,837,330,841,331,870,331,874,332,883,332,891,334,896,337,900,341,900,352,898,356,895,359,893,360,889,361,857,361,855,360,835,360,831,359,822,359,818,358,805,358,801,357,789,357,785,356,777,356,773,355,771,355,767,354,764,351,762,346,761,345,761,336,762,334,763,330,767,326,769,325,773,323,777,325,778,325,782,326,783,326,788,327,804,328,809,329,814,329,819,330,833,330,0.9031749445021564
457,361,445,361,441,360,424,360,419,359,392,359,387,358,375,358,371,359,367,359,363,358,318,358,313,357,308,357,302,356,299,353,296,346,295,334,296,329,298,325,301,322,303,321,309,320,333,320,339,321,371,321,376,322,399,323,405,325,418,325,421,326,424,325,428,326,457,326,462,327,471,327,476,328,479,331,481,335,482,338,483,342,482,345,482,347,481,353,477,357,472,360,467,362,461,362,0.8956346543715726
275,319,276,319,280,320,281,320,285,321,288,322,292,326,292,327,295,331,297,336,297,337,299,341,299,346,296,352,292,356,288,357,279,357,275,356,269,356,265,357,264,357,260,358,253,358,249,359,230,359,226,358,218,350,217,345,217,333,218,329,226,320,230,319,243,319,247,320,270,320,0.8694578849583724
673,306,671,312,672,316,672,320,671,325,671,328,672,333,672,336,673,336,675,339,676,340,679,344,680,351,680,356,679,361,676,366,675,367,670,370,665,371,660,371,654,370,652,369,644,367,643,367,637,365,631,361,628,357,628,356,626,353,625,347,623,344,623,338,622,335,622,327,623,321,623,320,622,316,622,315,623,310,623,305,622,302,622,299,621,295,621,294,622,289,623,285,627,280,629,278,631,274,632,273,637,270,638,270,639,269,644,267,646,267,648,266,655,266,661,267,662,268,664,268,670,273,673,278,675,282,676,286,676,294,673,304,0.8386535807143921
440,308,439,309,436,311,429,312,425,311,422,310,409,296,399,289,398,288,396,285,388,280,373,275,361,274,356,273,343,273,338,274,335,277,331,278,328,279,323,282,321,283,319,283,316,286,311,288,306,291,305,291,302,293,298,294,293,298,291,299,290,299,286,303,283,304,279,304,276,302,275,299,274,295,274,291,276,288,293,274,294,273,322,259,323,259,339,255,361,255,369,257,387,258,389,258,398,261,401,262,434,288,439,293,441,296,441,305,0.7945518713937907
534,212,549,212,551,213,562,213,564,214,565,214,570,216,571,217,571,218,572,219,574,224,574,229,573,232,570,235,567,236,549,236,546,235,543,235,540,234,529,234,525,233,510,233,505,231,504,230,502,224,502,221,504,216,505,215,505,214,506,213,511,211,532,211,0.8533816045256937
200,198,210,198,215,199,218,199,223,200,234,200,239,201,268,201,274,202,286,203,291,205,297,205,303,206,307,208,309,208,314,210,317,215,318,220,318,223,317,233,316,236,312,246,307,249,300,250,283,250,278,249,273,249,267,248,256,248,251,247,241,247,235,246,195,246,189,247,179,247,173,246,168,244,164,238,162,233,162,227,163,222,163,212,164,207,166,201,171,198,173,197,180,196,183,196,188,197,199,197,0.9261271254264316
894,226,889,229,885,230,883,229,871,229,867,227,852,227,847,226,834,226,830,225,815,225,813,224,812,224,807,222,804,220,801,217,800,213,800,209,801,205,804,201,806,200,809,199,810,198,813,197,817,197,820,196,835,196,839,197,860,197,862,198,864,197,866,198,881,198,885,199,886,199,891,201,894,203,897,207,897,209,898,211,899,214,899,217,897,223,0.8744448717211334
122,266,122,268,121,271,121,274,120,278,120,282,119,285,119,299,118,305,118,316,117,319,118,338,118,343,114,350,110,353,105,355,93,355,91,354,88,353,83,349,81,345,78,340,78,335,79,333,79,332,81,327,81,320,82,315,83,254,84,248,84,246,85,241,85,238,86,233,87,230,87,198,88,193,89,191,89,190,92,186,98,183,104,182,109,182,111,183,114,183,119,184,123,186,124,188,126,189,129,193,130,198,130,212,129,217,129,220,128,225,128,229,127,233,126,247,123,263,0.9084619084004827
508,177,513,179,518,179,522,181,526,181,531,182,533,182,537,183,540,183,544,184,563,185,567,186,579,186,583,187,599,187,603,188,606,191,608,194,609,197,609,199,608,202,608,203,607,208,603,212,600,214,597,215,594,215,589,214,582,214,579,215,577,215,573,214,564,214,559,213,553,213,549,212,540,212,536,211,529,211,524,210,519,210,515,209,504,209,500,208,493,208,489,207,487,207,483,206,481,205,477,200,475,197,474,194,474,188,476,183,479,178,482,175,486,174,490,174,494,175,499,175,507,177,0.8903502498452104
737,215,735,215,734,216,731,216,730,217,727,217,726,218,723,218,722,219,718,219,717,220,702,223,699,223,698,224,691,225,684,225,678,224,672,220,671,219,667,214,667,212,666,211,665,203,665,197,664,193,664,191,663,187,663,184,664,177,666,174,669,169,671,167,676,163,681,162,687,161,695,160,701,159,706,158,713,157,715,157,730,154,732,154,739,153,740,153,746,154,753,159,755,161,759,166,760,173,760,178,761,185,762,190,762,196,760,201,759,202,757,206,753,210,747,212,746,212,742,214,738,214,0.9332584970049724
545,183,533,183,531,184,524,184,516,182,513,181,511,178,508,172,508,163,509,159,510,155,511,154,517,151,544,151,548,152,562,152,566,153,569,154,570,155,572,160,572,163,573,165,573,169,572,172,572,173,571,177,570,181,569,182,565,184,549,184,0.886902482880579
845,117,853,117,854,118,861,118,862,119,881,119,882,120,884,120,885,121,886,121,889,124,890,129,890,139,884,145,881,147,871,147,870,146,860,146,859,145,849,145,847,144,842,144,841,143,835,143,834,142,830,142,828,143,822,143,820,144,800,144,796,140,794,137,794,131,795,129,795,122,798,119,801,117,806,116,844,116,0.8659848199384969
756,125,756,135,755,139,754,142,753,143,748,145,746,145,744,146,742,146,740,147,734,147,732,148,728,148,726,149,722,149,719,150,715,150,713,151,711,151,709,152,707,152,705,153,703,153,701,154,699,154,697,155,695,155,693,157,686,157,682,155,679,154,678,153,676,149,676,147,675,145,675,142,674,140,674,136,676,129,677,128,678,129,679,128,678,127,679,126,683,124,684,124,686,123,693,123,695,122,698,122,700,121,703,121,705,120,710,120,712,119,716,119,718,118,721,118,723,117,727,117,729,116,731,116,733,115,744,115,748,116,754,121,0.8755259898575869
440,169,440,173,441,177,441,198,440,201,441,206,440,208,439,213,437,216,436,217,431,219,426,220,424,219,421,218,416,216,414,214,411,208,410,207,408,203,407,202,405,198,404,194,404,164,403,163,401,159,399,154,399,153,398,150,399,149,398,147,398,145,397,141,399,137,399,136,398,134,398,128,399,123,402,121,403,116,406,113,414,109,419,107,423,110,428,111,431,113,434,115,436,119,436,120,437,122,438,126,438,127,439,131,439,165,0.7687716294126392
380,100,381,101,384,101,386,104,386,105,387,105,389,109,389,110,391,113,391,120,390,121,390,123,389,124,389,126,388,127,388,137,387,138,387,150,386,151,386,152,385,153,385,154,382,157,381,157,380,158,377,160,370,160,369,159,366,159,365,157,364,155,362,152,362,140,363,140,363,123,364,123,364,112,363,110,363,105,365,102,369,100,370,100,371,99,372,99,373,98,377,98,0.7163102708198952
249,151,234,152,220,152,213,151,147,151,132,153,129,153,114,154,110,155,103,157,95,155,88,152,83,149,76,145,72,139,69,128,68,122,66,118,66,104,65,100,64,93,64,87,65,79,68,71,70,68,75,62,82,57,89,55,99,55,106,56,130,56,137,57,156,57,169,59,193,61,196,61,231,66,244,66,261,69,285,71,293,73,298,75,306,78,311,85,314,91,316,101,316,107,315,115,314,117,314,123,313,130,309,138,303,143,297,148,288,151,281,152,250,152,0.9517995218411996
