365,734,372,742,372,745,373,746,373,748,375,749,375,754,371,759,366,765,365,765,364,766,357,766,356,767,354,767,353,768,349,768,348,769,345,769,344,770,341,770,340,771,338,771,336,773,334,773,333,774,330,774,329,775,326,775,324,776,322,776,321,777,318,777,317,778,315,778,314,779,311,779,309,780,304,781,300,781,296,780,293,777,291,773,290,771,290,767,289,766,289,759,290,755,293,751,296,748,302,747,303,746,307,746,308,745,312,745,314,744,318,744,319,743,323,742,324,741,329,741,330,740,334,740,335,738,340,737,341,736,344,736,345,735,348,735,349,734,355,733,360,733,0.8861368165633707
388,716,385,716,379,720,314,734,312,734,308,736,297,738,278,746,277,746,228,760,217,765,211,769,205,770,199,769,193,767,187,762,184,756,182,751,180,729,180,722,183,716,186,712,192,708,199,703,379,660,421,648,424,648,439,646,444,646,451,648,455,653,458,658,459,665,459,683,458,690,454,697,452,699,446,702,441,704,430,705,392,715,0.9329348414404143
158,681,157,679,155,678,152,674,152,669,154,664,155,659,157,656,160,653,161,650,164,647,165,645,167,644,171,641,180,632,184,628,185,628,186,627,188,627,189,626,195,626,200,627,201,628,202,628,204,630,205,630,208,632,210,635,211,636,214,641,214,642,216,643,216,652,214,657,212,660,210,663,206,666,205,667,202,670,199,674,197,677,196,678,194,681,193,682,191,686,185,689,183,689,182,690,176,690,171,689,169,688,168,687,165,687,159,682,0.8630612538378128
371,613,372,617,373,623,373,633,372,638,367,645,363,648,357,650,354,652,348,653,346,653,345,654,340,655,336,656,333,656,332,657,329,658,328,658,322,659,318,660,315,661,314,661,308,663,304,664,300,665,299,665,296,666,294,666,291,668,287,668,284,670,279,671,274,671,269,670,265,667,261,663,259,656,259,642,260,636,263,632,268,628,269,628,272,625,275,623,277,622,282,619,285,616,289,616,292,614,297,613,300,613,302,612,307,611,311,610,314,610,315,609,318,608,319,608,323,606,327,605,328,605,333,604,338,603,341,602,344,602,345,601,351,600,352,600,357,601,358,601,361,602,366,605,368,608,0.9009513997032748
267,615,263,620,259,622,258,623,257,623,256,624,255,624,253,626,251,626,250,627,249,627,246,631,245,631,242,635,237,637,236,638,232,639,231,639,222,637,218,634,216,630,214,628,213,626,212,625,211,622,209,620,208,615,208,613,209,609,218,600,219,600,221,598,222,598,225,594,226,594,228,593,229,593,231,591,232,591,235,588,236,588,237,587,238,587,241,584,244,583,248,582,250,582,255,583,256,584,257,584,261,588,262,591,265,593,265,594,266,595,266,598,267,599,267,600,268,601,268,602,269,603,269,609,0.865201587198127
308,601,305,602,300,602,295,603,290,602,285,600,282,596,281,593,280,587,280,581,283,577,286,574,294,571,296,570,320,566,339,560,345,560,354,557,357,556,370,556,375,557,376,557,380,558,385,560,386,560,393,562,397,565,402,566,410,570,416,571,419,572,424,574,427,576,461,593,464,596,466,603,467,608,465,612,464,613,461,619,456,622,453,624,449,625,444,625,439,622,438,621,429,616,425,615,422,613,420,613,417,611,416,610,407,605,401,603,396,600,373,591,356,591,345,594,343,594,335,595,333,596,323,598,317,600,0.9027702962394039
942,550,935,548,934,547,933,547,929,543,926,539,926,529,928,525,930,523,932,523,934,521,942,521,946,522,947,523,948,523,952,524,953,524,957,525,959,525,964,526,966,528,967,530,969,534,969,538,967,541,966,545,965,546,964,548,961,550,958,552,953,552,948,551,946,551,0.8451397724318923
917,544,915,543,911,543,908,541,897,541,894,540,892,540,887,539,885,536,884,533,884,530,883,529,883,525,885,522,886,521,886,518,889,516,893,515,898,515,900,516,922,516,928,518,930,521,932,526,932,530,930,535,929,539,925,541,921,544,0.840163544813792
646,515,647,518,647,522,646,524,646,532,645,534,645,537,643,540,643,544,642,547,642,550,641,554,641,560,640,563,640,583,639,588,639,592,638,594,638,601,637,604,637,610,636,614,635,615,630,616,627,616,624,615,622,613,622,573,623,569,623,558,624,554,624,548,625,544,625,539,626,537,626,530,627,526,627,523,628,518,628,517,629,514,630,512,631,508,634,506,639,506,642,507,645,510,645,514,0.718486620122281
880,518,878,519,873,519,870,517,868,516,867,515,864,510,864,503,867,500,868,499,868,496,871,494,874,493,880,493,882,492,886,492,888,491,904,491,905,490,909,490,910,491,922,491,928,493,929,494,931,500,931,501,930,503,930,506,928,512,926,513,924,514,919,516,915,516,911,515,896,515,893,516,891,517,883,517,0.8592016514466734
341,377,340,384,336,390,330,395,326,397,320,398,289,403,287,404,281,405,259,407,246,411,243,411,240,412,225,413,221,414,216,414,211,415,206,416,204,416,199,417,195,417,191,418,185,418,176,420,164,422,160,423,154,423,147,422,140,417,139,416,136,411,134,404,133,386,132,384,132,380,133,373,137,366,138,365,144,362,150,361,154,360,167,360,170,359,181,359,184,358,194,358,229,354,230,354,236,352,281,349,285,348,291,348,294,347,306,347,309,346,320,346,327,347,333,351,335,353,339,359,340,365,340,372,0.9430290175735098
450,363,451,370,451,371,450,376,446,383,444,385,439,388,419,392,418,392,412,393,409,393,403,394,402,394,395,395,380,395,375,394,369,391,367,387,364,383,363,376,363,372,361,368,360,362,360,357,361,351,365,346,369,342,372,341,375,340,385,338,392,337,397,336,404,335,405,335,418,332,419,332,426,331,430,331,435,332,441,336,444,340,445,343,446,346,446,348,447,350,449,357,449,361,0.9097708767697552
645,333,642,331,640,331,638,330,636,328,634,324,634,316,635,311,636,309,637,308,641,306,661,306,665,307,670,307,674,308,675,308,676,307,680,306,683,305,687,305,689,304,696,304,698,303,703,303,708,304,710,305,711,306,711,307,712,308,714,313,714,314,715,316,715,320,714,325,713,327,711,329,707,331,705,331,703,332,701,332,699,333,696,333,694,335,674,335,672,336,654,336,650,335,649,335,0.8351647063052352
738,309,738,314,737,318,735,320,734,320,733,321,732,321,731,322,726,324,721,324,716,322,715,321,714,317,714,313,715,308,716,307,716,305,717,304,721,303,725,302,732,302,735,303,737,305,0.7220889187266685
233,326,232,325,230,319,230,317,229,315,229,313,231,307,233,305,238,303,255,303,257,302,272,302,274,300,291,300,292,299,314,299,316,298,327,298,329,297,346,296,349,295,355,295,357,294,360,294,365,295,367,297,369,300,370,306,369,311,367,316,363,318,359,319,342,319,339,320,331,320,329,321,324,321,307,322,304,324,285,324,282,325,273,325,270,326,258,326,255,327,246,327,243,328,236,328,0.8756843381806424
935,284,940,285,941,285,945,286,946,286,950,287,952,287,954,288,955,288,957,289,961,293,964,297,964,302,965,304,964,305,965,306,967,310,967,314,968,315,968,319,966,324,961,327,957,328,948,328,944,327,941,327,936,326,934,326,917,321,913,319,911,317,909,313,908,309,908,296,909,292,911,288,912,286,913,285,918,283,921,282,924,282,933,284,0.875654933458678
1004,314,995,318,992,319,990,320,986,321,982,324,979,325,978,325,975,326,972,327,969,327,965,326,961,324,959,321,957,317,956,314,956,308,957,304,957,303,958,298,960,295,961,293,962,292,969,288,972,287,973,287,980,285,981,285,987,283,990,282,993,281,994,281,998,278,1005,276,1012,276,1017,277,1021,281,1023,287,1023,292,1024,295,1024,296,1023,300,1021,304,1018,307,1007,313,0.8648802129718346
746,286,742,289,739,292,736,293,723,293,720,294,712,294,709,295,699,295,696,296,689,296,686,297,678,297,675,298,667,298,664,299,647,299,642,298,639,295,637,289,637,283,636,280,638,275,638,274,641,271,647,269,648,269,651,267,663,267,666,266,675,266,679,265,688,265,692,264,704,264,708,263,717,263,721,262,737,262,741,263,745,266,747,271,747,282,0.9042830110655061
961,271,956,271,950,272,943,272,937,271,934,267,934,256,935,251,936,250,940,250,940,249,945,248,957,248,961,247,965,247,968,248,971,251,971,261,970,266,967,270,0.8221750419473023
128,247,134,247,135,245,140,245,142,244,146,244,147,243,152,243,154,242,158,242,159,241,165,241,167,240,169,240,170,239,184,239,189,240,193,243,196,248,196,250,197,251,197,256,198,258,198,267,197,273,195,276,194,277,189,281,181,281,180,282,172,282,171,283,164,283,163,284,157,284,156,285,146,285,145,286,135,286,130,285,128,284,126,284,123,281,120,276,120,275,119,274,119,269,118,267,118,261,119,255,124,250,0.8986400296302786
1016,249,1017,251,1017,255,1015,260,1012,262,1010,263,1007,265,1005,264,1004,265,998,265,996,266,992,266,990,267,980,267,975,265,974,264,972,260,972,254,974,250,977,248,981,245,996,245,998,244,1006,244,1007,243,1014,245,0.8480889277228749
655,260,652,260,647,259,645,258,639,255,635,250,634,244,634,238,635,234,635,225,636,219,639,212,639,211,647,206,650,205,655,204,680,204,687,202,697,202,703,201,709,201,715,200,732,200,738,199,742,199,748,200,754,204,756,205,759,210,760,217,760,223,759,229,759,234,758,240,754,247,752,249,747,252,741,253,735,254,731,254,724,255,716,255,710,256,705,256,699,258,683,258,676,259,662,259,0.9386575350081585
398,266,396,266,329,272,318,274,307,274,302,275,291,275,281,277,272,277,267,278,260,278,256,280,231,281,224,281,218,277,214,275,213,274,210,269,208,259,208,245,209,239,212,232,219,227,223,225,230,222,280,214,285,214,375,196,384,196,400,193,417,193,424,194,430,197,434,201,438,209,442,230,442,241,441,248,438,254,433,259,430,261,424,264,409,264,0.947994214684744
1011,241,1008,240,1006,238,1003,237,998,236,995,233,993,233,984,231,978,231,975,233,969,236,968,236,957,241,952,243,949,244,946,247,940,249,938,249,936,250,931,252,928,252,923,251,918,247,916,243,915,239,915,233,916,230,919,225,926,218,930,216,935,214,936,212,949,206,953,205,955,202,962,199,965,197,967,196,968,196,974,194,975,193,980,191,987,191,993,194,995,194,1002,196,1007,198,1009,199,1010,199,1016,201,1029,208,1036,215,1040,219,1041,223,1041,231,1040,234,1039,239,1035,243,1031,245,1030,245,1026,247,1023,247,1017,243,1012,242,0.8808675808311877
747,160,751,161,752,162,753,162,758,164,761,171,761,182,760,185,760,187,758,194,756,197,754,198,750,201,748,201,747,202,732,202,727,201,725,201,721,200,714,197,712,191,712,185,714,176,714,168,715,164,717,161,719,160,723,156,727,156,732,157,737,157,746,160,0.8464830246506906
686,199,683,200,678,201,675,201,671,202,663,202,659,204,656,204,651,202,649,201,646,199,645,198,642,194,641,189,641,178,642,174,646,169,648,168,651,167,658,164,660,164,661,163,663,163,664,162,668,161,671,161,672,160,685,156,688,156,692,155,701,155,707,156,710,160,712,164,713,167,713,171,712,174,712,176,711,179,711,187,710,193,708,196,707,197,702,199,698,200,690,200,0.9048496345108975
236,135,278,135,284,136,317,136,323,138,330,141,334,146,338,153,340,161,340,167,339,174,335,179,330,184,327,186,321,188,315,189,311,190,303,190,289,194,284,195,279,195,233,205,231,205,184,210,176,212,169,212,146,215,136,217,130,217,123,216,118,211,113,206,110,199,108,193,108,189,107,186,102,161,102,154,105,147,108,142,113,139,115,138,122,135,143,135,149,136,233,136,0.9512675256006873
1033,143,1034,144,1035,144,1039,145,1040,146,1041,146,1042,147,1043,147,1044,149,1045,149,1046,150,1047,150,1048,151,1050,151,1051,152,1052,152,1054,154,1055,154,1056,155,1058,156,1059,163,1059,171,1058,174,1057,178,1056,182,1055,183,1051,185,1043,185,1039,184,1032,182,1031,180,1028,179,1027,178,1004,171,999,168,998,162,998,153,999,149,999,147,1001,143,1004,140,1008,138,1014,138,1027,141,0.8813200752819533
954,176,952,178,948,180,947,182,946,182,944,183,942,185,938,187,937,187,936,189,934,190,931,191,929,193,924,193,920,191,917,189,916,186,913,182,913,176,915,172,917,168,918,168,918,167,923,162,925,161,926,160,929,158,931,156,933,155,934,154,937,152,941,151,954,144,957,144,959,143,961,143,964,142,967,142,969,141,971,141,973,140,977,140,979,139,985,139,990,140,992,141,995,143,996,149,996,158,995,163,993,166,992,166,991,167,986,169,982,169,980,171,972,171,970,172,968,172,966,173,964,173,961,174,960,174,956,176,0.8831404228360283
392,180,388,182,383,184,378,185,372,185,367,184,363,180,360,178,357,174,356,168,356,163,357,161,356,157,356,152,355,149,356,143,357,142,357,140,360,135,365,132,370,131,380,131,385,130,391,130,396,129,406,129,412,128,421,128,427,127,435,127,441,128,445,131,446,132,450,136,451,142,451,153,450,158,446,163,442,166,440,166,439,167,437,167,435,168,433,168,432,169,428,171,426,171,425,172,420,173,418,173,417,174,416,174,415,175,413,175,412,176,403,178,0.9038252918634724
861,37,860,40,858,42,854,44,842,44,839,45,830,45,823,42,820,39,818,34,818,33,819,30,821,29,822,25,825,23,829,22,830,23,832,22,834,22,835,23,836,22,846,22,848,23,852,23,857,25,860,29,862,32,862,34,0.7701051181803147
813,45,799,45,796,44,790,42,788,40,786,34,785,32,786,28,787,24,790,21,794,20,796,19,811,19,813,20,814,20,820,22,822,24,824,30,824,35,823,39,819,43,0.805331108786843
