639,1952,637,1941,637,1928,639,1918,642,1915,642,1897,644,1894,644,1879,650,1858,655,1853,655,1847,658,1842,658,1839,660,1829,668,1821,676,1816,684,1816,687,1813,695,1813,705,1816,713,1819,718,1824,724,1832,724,1845,721,1855,718,1858,716,1868,711,1876,708,1887,705,1894,697,1907,697,1910,695,1918,695,1939,692,1947,695,1952,697,1965,700,1970,700,1973,703,1978,703,1983,705,1988,705,1991,708,1996,708,2004,711,2007,711,2009,713,2015,713,2017,716,2022,716,2025,721,2033,721,2035,724,2041,729,2049,729,2051,732,2056,732,2067,729,2075,721,2085,713,2090,703,2093,697,2093,687,2090,679,2088,676,2085,674,2085,668,2080,666,2075,663,2072,658,2064,655,2059,655,2049,652,2046,652,2033,650,2030,650,2017,647,2015,647,2004,644,1999,644,1988,642,1986,642,1954,0.7946658714821464
565,1894,565,1873,568,1863,568,1855,571,1845,571,1839,573,1829,578,1813,586,1806,597,1800,615,1800,626,1803,634,1806,639,1811,639,1813,642,1816,647,1826,647,1829,650,1834,650,1868,647,1876,647,1881,644,1894,639,1902,637,1913,637,1926,634,1936,634,1999,631,2007,631,2046,629,2054,626,2064,623,2072,621,2075,621,2077,615,2082,605,2088,584,2088,573,2085,563,2077,557,2069,555,2056,555,2038,557,2028,557,2017,560,2007,560,1939,563,1928,563,1905,0.8488527981279906
729,1832,724,1832,718,1834,705,1834,695,1832,687,1829,676,1819,671,1803,671,1795,674,1785,676,1777,676,1772,681,1756,684,1753,684,1751,687,1748,687,1745,692,1740,692,1738,697,1732,697,1730,700,1727,705,1725,711,1719,721,1714,745,1714,755,1717,763,1719,766,1722,766,1725,771,1730,777,1740,777,1748,779,1753,779,1764,777,1772,774,1782,771,1790,763,1798,763,1800,761,1803,761,1806,758,1808,753,1811,753,1813,740,1826,0.8175593156290818
634,1790,631,1790,626,1792,608,1792,597,1790,592,1787,586,1782,581,1772,581,1751,586,1730,586,1725,589,1714,592,1709,592,1706,594,1701,597,1698,597,1696,608,1685,618,1680,631,1680,642,1683,644,1685,650,1685,655,1688,658,1691,663,1701,663,1719,660,1730,660,1738,658,1748,658,1761,655,1772,652,1777,644,1785,0.8195328615783225
901,1534,903,1536,903,1539,906,1542,906,1549,911,1557,911,1563,914,1565,914,1573,917,1576,917,1583,919,1586,919,1596,917,1607,917,1628,911,1644,911,1654,909,1662,909,1664,903,1675,901,1685,898,1688,895,1693,887,1701,877,1704,866,1701,861,1693,850,1683,848,1672,845,1667,845,1662,848,1651,853,1636,853,1623,850,1617,850,1594,845,1583,845,1578,843,1573,843,1570,840,1568,827,1552,821,1539,819,1534,819,1531,816,1526,816,1513,814,1508,814,1487,808,1482,806,1471,808,1461,811,1461,811,1455,819,1448,829,1445,840,1448,843,1453,845,1455,848,1461,866,1479,872,1487,872,1489,880,1497,882,1497,890,1508,895,1521,901,1531,0.773371865072332
716,1029,724,1037,726,1048,726,1071,724,1082,721,1087,718,1095,713,1105,713,1116,711,1124,711,1126,708,1134,708,1137,705,1144,705,1189,708,1194,708,1197,711,1202,711,1205,713,1212,713,1215,721,1231,724,1241,724,1244,737,1262,740,1267,747,1275,758,1296,761,1306,761,1309,763,1314,763,1325,761,1333,758,1343,753,1351,742,1359,729,1359,718,1356,713,1353,703,1343,697,1333,697,1330,689,1320,684,1306,679,1301,674,1288,666,1280,660,1270,658,1262,655,1259,652,1254,650,1244,647,1239,647,1233,644,1228,644,1223,642,1218,642,1199,639,1194,639,1181,642,1171,642,1150,644,1139,644,1124,647,1113,647,1110,650,1100,652,1095,652,1092,655,1082,668,1058,671,1050,684,1035,692,1029,700,1027,705,1027,0.7755557617398121
1218,1241,1215,1246,1215,1301,1210,1340,1212,1343,1212,1356,1207,1369,1207,1382,1197,1429,1194,1437,1189,1445,1189,1448,1183,1468,1183,1479,1173,1500,1167,1531,1167,1536,1157,1565,1152,1573,1136,1581,1125,1583,1115,1581,1107,1573,1104,1565,1101,1544,1101,1536,1112,1497,1120,1482,1120,1463,1128,1440,1128,1434,1130,1421,1130,1414,1133,1406,1138,1398,1141,1382,1146,1299,1146,1293,1152,1280,1152,1249,1154,1236,1152,1225,1152,1184,1146,1163,1146,1158,1149,1022,1152,1011,1157,1003,1165,998,1178,996,1194,996,1204,998,1212,1003,1215,1014,1220,1074,1220,1228,0.8049479290432092
1342,596,1350,604,1355,619,1379,904,1379,907,1366,1437,1366,1445,1249,1871,1236,1968,1231,1978,1223,1988,1207,1994,1181,1996,1167,1996,1136,1975,1128,1968,1123,1954,1123,1941,1125,1934,1154,1884,1249,1523,1273,1361,1284,1231,1276,1158,1276,1155,1281,972,1244,656,1247,640,1257,617,1265,606,1278,598,1315,591,1329,591,0.8868786778891989
732,708,732,732,729,737,732,742,732,807,729,813,729,854,726,860,726,873,721,883,721,888,718,894,711,901,700,904,697,904,687,901,676,894,668,886,668,873,666,870,666,857,668,852,668,836,671,831,671,826,674,820,674,807,676,800,676,786,679,779,679,742,676,739,676,729,679,726,676,724,676,651,679,643,679,632,681,627,681,609,684,604,684,564,687,557,687,546,689,541,703,530,711,528,718,528,729,533,734,538,737,538,750,549,753,554,753,562,755,567,755,580,750,593,750,606,747,611,745,632,742,638,742,648,740,656,740,661,737,669,737,674,734,682,734,705,0.7942058952883276
571,1218,571,1317,528,1526,494,1970,491,1986,478,2001,465,2012,452,2017,438,2020,425,2020,391,2009,378,2001,367,1991,362,1978,362,1965,417,1333,417,1327,438,1218,444,1205,452,1194,454,1191,457,1181,462,1173,460,1131,460,1118,462,1110,460,1105,452,1069,452,1061,460,776,460,768,502,538,507,525,518,512,531,504,565,494,581,494,594,496,608,504,615,515,631,541,637,554,637,570,581,907,568,1191,568,1199,0.8727577500633211
848,525,845,533,845,541,843,549,843,551,840,559,840,562,837,570,835,580,832,583,827,598,827,622,824,630,824,640,827,648,827,651,829,658,829,661,832,669,832,682,835,690,835,692,832,703,832,705,829,716,821,724,814,729,806,732,792,732,782,729,774,721,766,711,761,698,761,695,758,690,758,679,755,672,755,635,753,630,753,622,750,617,750,611,753,601,753,580,755,570,755,567,758,557,761,554,761,549,766,543,769,536,769,528,771,517,774,515,777,507,782,486,784,483,787,473,795,465,803,462,816,460,827,460,837,465,845,473,850,481,850,486,853,494,853,502,848,517,0.7862165354588482
766,504,763,515,761,520,750,530,740,536,737,538,726,541,711,536,705,533,697,525,692,515,692,494,697,473,697,465,700,455,700,449,705,429,708,423,718,413,729,410,737,410,747,413,753,415,755,418,761,421,769,429,771,439,771,476,766,491,0.7430799121919431
